tempsAnual <-
structure(list(Year = 1880:2025, Jan = c(-0.20000000000000001, 
-0.20000000000000001, 0.16, -0.28999999999999998, -0.13, -0.57999999999999996, 
-0.44, -0.71999999999999997, -0.34000000000000002, -0.089999999999999997, 
-0.41999999999999998, -0.34000000000000002, -0.28999999999999998, 
-0.81000000000000005, -0.53000000000000003, -0.40999999999999998, 
-0.22, -0.14999999999999999, -0.029999999999999999, -0.17000000000000001, 
-0.35999999999999999, -0.22, -0.16, -0.23999999999999999, -0.64000000000000001, 
-0.34999999999999998, -0.27000000000000002, -0.41999999999999998, 
-0.44, -0.72999999999999998, -0.42999999999999999, -0.62, -0.25, 
-0.40999999999999998, 0.040000000000000001, -0.20999999999999999, 
-0.13, -0.56999999999999995, -0.47999999999999998, -0.20000000000000001, 
-0.25, -0.050000000000000003, -0.34000000000000002, -0.27000000000000002, 
-0.22, -0.38, 0.20999999999999999, -0.27000000000000002, -0.02, 
-0.45000000000000001, -0.29999999999999999, -0.11, 0.14999999999999999, 
-0.23000000000000001, -0.20000000000000001, -0.34000000000000002, 
-0.27000000000000002, -0.070000000000000007, 0.080000000000000002, 
-0.050000000000000003, -0.01, 0.17999999999999999, 0.28999999999999998, 
-0.01, 0.35999999999999999, 0.10000000000000001, 0.14999999999999999, 
-0.070000000000000007, 0.059999999999999998, 0.059999999999999998, 
-0.26000000000000001, -0.34000000000000002, 0.11, 0.070000000000000007, 
-0.23999999999999999, 0.14000000000000001, -0.12, -0.089999999999999997, 
0.39000000000000001, 0.080000000000000002, 0, 0.070000000000000007, 
0.050000000000000003, -0.029999999999999999, -0.089999999999999997, 
-0.080000000000000002, -0.19, -0.070000000000000007, -0.26000000000000001, 
-0.11, 0.080000000000000002, -0.02, -0.22, 0.28999999999999998, 
-0.10000000000000001, 0.10000000000000001, -0.029999999999999999, 
0.17999999999999999, 0.059999999999999998, 0.080000000000000002, 
0.28999999999999998, 0.53000000000000003, 0.040000000000000001, 
0.53000000000000003, 0.31, 0.22, 0.26000000000000001, 0.31, 0.56000000000000005, 
0.12, 0.40999999999999998, 0.41999999999999998, 0.46999999999999997, 
0.34000000000000002, 0.26000000000000001, 0.52000000000000002, 
0.23999999999999999, 0.32000000000000001, 0.57999999999999996, 
0.47999999999999998, 0.23999999999999999, 0.45000000000000001, 
0.77000000000000002, 0.73999999999999999, 0.57999999999999996, 
0.73999999999999999, 0.56000000000000005, 1.02, 0.29999999999999999, 
0.64000000000000001, 0.73999999999999999, 0.52000000000000002, 
0.46999999999999997, 0.70999999999999996, 0.76000000000000001, 
0.85999999999999999, 1.1799999999999999, 1.02, 0.81999999999999995, 
0.93000000000000005, 1.1699999999999999, 0.81000000000000005, 
0.91000000000000003, 0.87, 1.24, 1.3600000000000001), Feb = c(-0.25, 
-0.14999999999999999, 0.14000000000000001, -0.35999999999999999, 
-0.080000000000000002, -0.33000000000000002, -0.5, -0.56999999999999995, 
-0.35999999999999999, 0.16, -0.45000000000000001, -0.46000000000000002, 
-0.12, -0.56000000000000005, -0.28999999999999998, -0.42999999999999999, 
-0.12, -0.17000000000000001, -0.29999999999999999, -0.38, -0.059999999999999998, 
-0.11, -0.089999999999999997, -0.059999999999999998, -0.57999999999999996, 
-0.58999999999999997, -0.28000000000000003, -0.48999999999999999, 
-0.32000000000000001, -0.46000000000000002, -0.40999999999999998, 
-0.56999999999999995, -0.14000000000000001, -0.45000000000000001, 
-0.10000000000000001, -0.040000000000000001, -0.14999999999999999, 
-0.62, -0.34999999999999998, -0.23000000000000001, -0.27000000000000002, 
-0.17999999999999999, -0.45000000000000001, -0.39000000000000001, 
-0.23000000000000001, -0.39000000000000001, 0.029999999999999999, 
-0.17000000000000001, -0.10000000000000001, -0.57999999999999996, 
-0.26000000000000001, -0.20999999999999999, -0.17000000000000001, 
-0.28999999999999998, -0.02, 0.14999999999999999, -0.37, 0.029999999999999999, 
0.040000000000000001, -0.059999999999999998, 0.080000000000000002, 
0.31, 0.02, 0.17999999999999999, 0.23999999999999999, 0.01, 0.029999999999999999, 
-0.080000000000000002, -0.14000000000000001, -0.14000000000000001, 
-0.27000000000000002, -0.40999999999999998, 0.11, 0.14999999999999999, 
-0.10000000000000001, -0.14999999999999999, -0.23999999999999999, 
-0.029999999999999999, 0.22, 0.070000000000000007, 0.13, 0.19, 
0.14999999999999999, 0.17999999999999999, -0.10000000000000001, 
-0.17000000000000001, -0.040000000000000001, -0.20999999999999999, 
-0.14000000000000001, -0.17999999999999999, 0.22, -0.14999999999999999, 
-0.17999999999999999, 0.32000000000000001, -0.27000000000000002, 
0.080000000000000002, -0.059999999999999998, 0.22, 0.10000000000000001, 
-0.10000000000000001, 0.39000000000000001, 0.41999999999999998, 
0.14999999999999999, 0.42999999999999999, 0.14000000000000001, 
-0.040000000000000001, 0.37, 0.42999999999999999, 0.44, 0.29999999999999999, 
0.44, 0.5, 0.40000000000000002, 0.37, 0.02, 0.79000000000000004, 
0.46000000000000002, 0.40000000000000002, 0.88, 0.64000000000000001, 
0.56000000000000005, 0.42999999999999999, 0.78000000000000003, 
0.57999999999999996, 0.71999999999999997, 0.59999999999999998, 
0.72999999999999998, 0.69999999999999996, 0.38, 0.52000000000000002, 
0.82999999999999996, 0.47999999999999998, 0.48999999999999999, 
0.62, 0.55000000000000004, 0.90000000000000002, 1.3600000000000001, 
1.1299999999999999, 0.83999999999999997, 0.93999999999999995, 
1.24, 0.64000000000000001, 0.89000000000000001, 0.96999999999999997, 
1.4299999999999999, NA), Mar = c(-0.089999999999999997, 0.02, 
0.050000000000000003, -0.12, -0.35999999999999999, -0.26000000000000001, 
-0.41999999999999998, -0.35999999999999999, -0.40999999999999998, 
0.059999999999999998, -0.40000000000000002, -0.17999999999999999, 
-0.40000000000000002, -0.22, -0.23000000000000001, -0.33000000000000002, 
-0.26000000000000001, -0.13, -0.51000000000000001, -0.35999999999999999, 
0, 0.059999999999999998, -0.28000000000000003, -0.23000000000000001, 
-0.51000000000000001, -0.20999999999999999, -0.17000000000000001, 
-0.26000000000000001, -0.55000000000000004, -0.54000000000000004, 
-0.5, -0.59999999999999998, -0.38, -0.41999999999999998, -0.23999999999999999, 
-0.10000000000000001, -0.28000000000000003, -0.63, -0.25, -0.20999999999999999, 
-0.12, -0.23000000000000001, -0.14999999999999999, -0.34000000000000002, 
-0.089999999999999997, -0.27000000000000002, 0.12, -0.38, -0.25, 
-0.32000000000000001, -0.10000000000000001, -0.10000000000000001, 
-0.17999999999999999, -0.28999999999999998, -0.28000000000000003, 
-0.13, -0.20000000000000001, -0.20000000000000001, 0.10000000000000001, 
-0.17000000000000001, 0.089999999999999997, 0.10000000000000001, 
0.059999999999999998, -0.029999999999999999, 0.26000000000000001, 
0.059999999999999998, 0.01, 0.070000000000000007, -0.23999999999999999, 
-0.02, -0.070000000000000007, -0.20000000000000001, -0.080000000000000002, 
0.11, -0.14999999999999999, -0.32000000000000001, -0.20999999999999999, 
-0.050000000000000003, 0.080000000000000002, 0.17999999999999999, 
-0.34999999999999998, 0.089999999999999997, 0.10000000000000001, 
-0.14000000000000001, -0.20999999999999999, -0.13, 0.040000000000000001, 
0.050000000000000003, 0.20000000000000001, 0, 0.059999999999999998, 
-0.17999999999999999, 0.02, 0.28999999999999998, -0.050000000000000003, 
0.12, -0.22, 0.23999999999999999, 0.19, 0.19, 0.28999999999999998, 
0.47999999999999998, 0.029999999999999999, 0.40999999999999998, 
0.26000000000000001, 0.17000000000000001, 0.29999999999999999, 
0.17999999999999999, 0.51000000000000001, 0.35999999999999999, 
0.80000000000000004, 0.34999999999999998, 0.47999999999999998, 
0.35999999999999999, 0.28999999999999998, 0.46000000000000002, 
0.32000000000000001, 0.52000000000000002, 0.63, 0.32000000000000001, 
0.55000000000000004, 0.55000000000000004, 0.88, 0.59999999999999998, 
0.63, 0.73999999999999999, 0.63, 0.70999999999999996, 0.75, 0.53000000000000003, 
0.92000000000000004, 0.65000000000000002, 0.56000000000000005, 
0.67000000000000004, 0.78000000000000003, 0.95999999999999996, 
1.3500000000000001, 1.1599999999999999, 0.88, 1.1599999999999999, 
1.1799999999999999, 0.89000000000000001, 1.04, 1.23, 1.3899999999999999, 
NA), Apr = c(-0.16, 0.040000000000000001, -0.16, -0.17999999999999999, 
-0.40000000000000002, -0.41999999999999998, -0.28000000000000003, 
-0.34999999999999998, -0.20000000000000001, 0.089999999999999997, 
-0.29999999999999999, -0.27000000000000002, -0.33000000000000002, 
-0.27000000000000002, -0.45000000000000001, -0.22, -0.29999999999999999, 
-0.02, -0.31, -0.20000000000000001, -0.089999999999999997, -0.02, 
-0.28000000000000003, -0.40999999999999998, -0.5, -0.34000000000000002, 
-0.050000000000000003, -0.35999999999999999, -0.44, -0.58999999999999997, 
-0.41999999999999998, -0.53000000000000003, -0.17000000000000001, 
-0.39000000000000001, -0.29999999999999999, 0.059999999999999998, 
-0.31, -0.54000000000000004, -0.44, -0.13, -0.23999999999999999, 
-0.29999999999999999, -0.23000000000000001, -0.40999999999999998, 
-0.29999999999999999, -0.25, -0.13, -0.31, -0.28000000000000003, 
-0.40999999999999998, -0.23999999999999999, -0.23000000000000001, 
-0.059999999999999998, -0.23999999999999999, -0.29999999999999999, 
-0.35999999999999999, -0.19, -0.14999999999999999, 0.070000000000000007, 
-0.10000000000000001, 0.17000000000000001, 0.16, 0.089999999999999997, 
0.11, 0.19, 0.19, 0.059999999999999998, 0.059999999999999998, 
-0.12, -0.11, -0.20999999999999999, -0.14000000000000001, 0.029999999999999999, 
0.20000000000000001, -0.14000000000000001, -0.22, -0.28000000000000003, 
0, 0.01, 0.16, -0.14999999999999999, 0.13, 0.050000000000000003, 
-0.070000000000000007, -0.32000000000000001, -0.19, -0.13, -0.050000000000000003, 
-0.059999999999999998, 0.17000000000000001, 0.050000000000000003, 
-0.070000000000000007, 0, 0.27000000000000002, -0.11, 0.040000000000000001, 
-0.070000000000000007, 0.26000000000000001, 0.17000000000000001, 
0.14999999999999999, 0.29999999999999999, 0.32000000000000001, 
0.14999999999999999, 0.27000000000000002, 0.050000000000000003, 
0.12, 0.22, 0.23999999999999999, 0.41999999999999998, 0.28999999999999998, 
0.56000000000000005, 0.51000000000000001, 0.27000000000000002, 
0.27000000000000002, 0.40999999999999998, 0.46000000000000002, 
0.33000000000000002, 0.33000000000000002, 0.63, 0.32000000000000001, 
0.56000000000000005, 0.5, 0.57999999999999996, 0.55000000000000004, 
0.60999999999999999, 0.67000000000000004, 0.46000000000000002, 
0.76000000000000001, 0.54000000000000004, 0.60999999999999999, 
0.84999999999999998, 0.64000000000000001, 0.71999999999999997, 
0.53000000000000003, 0.80000000000000004, 0.75, 1.0900000000000001, 
0.93999999999999995, 0.88, 1, 1.1200000000000001, 0.75, 0.82999999999999996, 
0.98999999999999999, 1.3100000000000001, NA), May = c(-0.089999999999999997, 
0.070000000000000007, -0.14000000000000001, -0.17000000000000001, 
-0.33000000000000002, -0.45000000000000001, -0.23999999999999999, 
-0.31, -0.22, -0.01, -0.39000000000000001, -0.16, -0.23000000000000001, 
-0.34000000000000002, -0.31, -0.28000000000000003, -0.16, -0.01, 
-0.29999999999999999, -0.23000000000000001, -0.089999999999999997, 
-0.14999999999999999, -0.33000000000000002, -0.40000000000000002, 
-0.52000000000000002, -0.29999999999999999, -0.25, -0.46000000000000002, 
-0.37, -0.55000000000000004, -0.34999999999999998, -0.51000000000000001, 
-0.20999999999999999, -0.44, -0.20999999999999999, -0.059999999999999998, 
-0.34999999999999998, -0.55000000000000004, -0.42999999999999999, 
-0.28000000000000003, -0.27000000000000002, -0.29999999999999999, 
-0.33000000000000002, -0.33000000000000002, -0.17999999999999999, 
-0.28999999999999998, -0.23000000000000001, -0.25, -0.29999999999999999, 
-0.37, -0.23000000000000001, -0.19, -0.17000000000000001, -0.28999999999999998, 
-0.089999999999999997, -0.28000000000000003, -0.16, -0.050000000000000003, 
-0.089999999999999997, -0.040000000000000001, 0.11, 0.17000000000000001, 
0.11, 0.070000000000000007, 0.19, 0.059999999999999998, -0.070000000000000007, 
-0.02, -0.01, -0.10000000000000001, -0.11, 0, -0.029999999999999999, 
0.12, -0.20000000000000001, -0.20000000000000001, -0.28999999999999998, 
0.089999999999999997, 0.059999999999999998, 0.040000000000000001, 
-0.080000000000000002, 0.12, -0.059999999999999998, -0.059999999999999998, 
-0.25, -0.12, -0.12, 0.12, -0.14000000000000001, 0.17999999999999999, 
-0.029999999999999999, -0.050000000000000003, -0.029999999999999999, 
0.23000000000000001, -0.040000000000000001, 0.16, -0.20999999999999999, 
0.33000000000000002, 0.089999999999999997, 0.029999999999999999, 
0.34000000000000002, 0.23999999999999999, 0.17999999999999999, 
0.34000000000000002, 0.33000000000000002, 0.14000000000000001, 
0.20999999999999999, 0.25, 0.44, 0.17000000000000001, 0.45000000000000001, 
0.34000000000000002, 0.31, 0.28000000000000003, 0.28000000000000003, 
0.27000000000000002, 0.27000000000000002, 0.34000000000000002, 
0.68000000000000005, 0.26000000000000001, 0.35999999999999999, 
0.56999999999999995, 0.64000000000000001, 0.59999999999999998, 
0.37, 0.63, 0.46999999999999997, 0.68000000000000005, 0.5, 0.65000000000000002, 
0.75, 0.53000000000000003, 0.78000000000000003, 0.59999999999999998, 
0.85999999999999999, 0.80000000000000004, 0.94999999999999996, 
0.91000000000000003, 0.81000000000000005, 0.85999999999999999, 
1, 0.79000000000000004, 0.83999999999999997, 0.93999999999999995, 
1.1599999999999999, NA), Jun = c(-0.20999999999999999, -0.19, 
-0.22, -0.070000000000000007, -0.34000000000000002, -0.42999999999999999, 
-0.34000000000000002, -0.25, -0.17000000000000001, -0.10000000000000001, 
-0.25, -0.20999999999999999, -0.22, -0.25, -0.40999999999999998, 
-0.20999999999999999, -0.11, -0.11, -0.19, -0.31, -0.10000000000000001, 
-0.12, -0.32000000000000001, -0.42999999999999999, -0.47999999999999998, 
-0.28000000000000003, -0.19, -0.41999999999999998, -0.38, -0.52000000000000002, 
-0.39000000000000001, -0.5, -0.23999999999999999, -0.45000000000000001, 
-0.26000000000000001, -0.22, -0.48999999999999999, -0.42999999999999999, 
-0.35999999999999999, -0.35999999999999999, -0.35999999999999999, 
-0.27000000000000002, -0.29999999999999999, -0.28999999999999998, 
-0.26000000000000001, -0.33000000000000002, -0.26000000000000001, 
-0.27000000000000002, -0.38, -0.42999999999999999, -0.20999999999999999, 
-0.080000000000000002, -0.28999999999999998, -0.33000000000000002, 
-0.14999999999999999, -0.26000000000000001, -0.20999999999999999, 
-0.040000000000000001, -0.17000000000000001, -0.070000000000000007, 
0.12, 0.13, 0.050000000000000003, -0.050000000000000003, 0.14999999999999999, 
0.01, -0.20999999999999999, -0.02, -0.050000000000000003, -0.27000000000000002, 
-0.050000000000000003, -0.059999999999999998, -0.029999999999999999, 
0.12, -0.17999999999999999, -0.13, -0.14999999999999999, 0.14999999999999999, 
-0.089999999999999997, 0.029999999999999999, -0.040000000000000001, 
0.12, 0.029999999999999999, 0.050000000000000003, -0.040000000000000001, 
-0.080000000000000002, 0.01, -0.080000000000000002, -0.089999999999999997, 
0.029999999999999999, -0.02, -0.16, 0.040000000000000001, 0.19, 
-0.050000000000000003, -0.01, -0.12, 0.27000000000000002, -0.02, 
0.14000000000000001, 0.20000000000000001, 0.28999999999999998, 
0.050000000000000003, 0.22, 0.02, 0.14999999999999999, 0.12, 
0.34999999999999998, 0.40000000000000002, 0.14999999999999999, 
0.37, 0.53000000000000003, 0.26000000000000001, 0.22, 0.42999999999999999, 
0.42999999999999999, 0.25, 0.54000000000000004, 0.77000000000000002, 
0.35999999999999999, 0.40000000000000002, 0.52000000000000002, 
0.52000000000000002, 0.46999999999999997, 0.44, 0.64000000000000001, 
0.66000000000000003, 0.60999999999999999, 0.48999999999999999, 
0.64000000000000001, 0.67000000000000004, 0.62, 0.64000000000000001, 
0.68999999999999995, 0.67000000000000004, 0.81000000000000005, 
0.80000000000000004, 0.70999999999999996, 0.76000000000000001, 
0.90000000000000002, 0.91000000000000003, 0.83999999999999997, 
0.92000000000000004, 1.0800000000000001, 1.24, NA), Jul = c(-0.20000000000000001, 
0.01, -0.16, -0.070000000000000007, -0.29999999999999999, -0.33000000000000002, 
-0.17999999999999999, -0.26000000000000001, -0.10000000000000001, 
-0.070000000000000007, -0.28000000000000003, -0.17000000000000001, 
-0.31, -0.14000000000000001, -0.23999999999999999, -0.17000000000000001, 
-0.02, -0.02, -0.22, -0.16, -0.13, -0.14000000000000001, -0.28000000000000003, 
-0.34999999999999998, -0.51000000000000001, -0.26000000000000001, 
-0.23000000000000001, -0.34999999999999998, -0.34999999999999998, 
-0.45000000000000001, -0.34000000000000002, -0.41999999999999998, 
-0.41999999999999998, -0.35999999999999999, -0.23000000000000001, 
-0.13, -0.37, -0.25, -0.31, -0.28999999999999998, -0.29999999999999999, 
-0.14999999999999999, -0.27000000000000002, -0.31, -0.28999999999999998, 
-0.27000000000000002, -0.27000000000000002, -0.17999999999999999, 
-0.19, -0.35999999999999999, -0.20000000000000001, -0.029999999999999999, 
-0.23999999999999999, -0.20999999999999999, -0.10000000000000001, 
-0.20999999999999999, -0.089999999999999997, -0.029999999999999999, 
-0.089999999999999997, -0.050000000000000003, 0.13, 0.22, 0, 
0.089999999999999997, 0.17999999999999999, 0.040000000000000001, 
-0.12, -0.040000000000000001, -0.11, -0.13, -0.080000000000000002, 
-0.01, 0.040000000000000001, 0.01, -0.17999999999999999, -0.11, 
-0.089999999999999997, 0.02, 0.050000000000000003, 0.029999999999999999, 
-0.040000000000000001, 0.01, 0.02, 0.059999999999999998, -0.040000000000000001, 
-0.13, 0.080000000000000002, 0.02, -0.13, -0.050000000000000003, 
0.02, -0.080000000000000002, 0.01, 0.12, -0.029999999999999999, 
-0.01, -0.10000000000000001, 0.20000000000000001, 0.040000000000000001, 
0.029999999999999999, 0.22, 0.32000000000000001, 0.14000000000000001, 
0.17999999999999999, 0.19, 0.040000000000000001, 0.11, 0.40000000000000002, 
0.33000000000000002, 0.34000000000000002, 0.46000000000000002, 
0.46999999999999997, 0.089999999999999997, 0.25, 0.29999999999999999, 
0.45000000000000001, 0.35999999999999999, 0.33000000000000002, 
0.66000000000000003, 0.38, 0.39000000000000001, 0.58999999999999997, 
0.60999999999999999, 0.57999999999999996, 0.26000000000000001, 
0.60999999999999999, 0.54000000000000004, 0.58999999999999997, 
0.59999999999999998, 0.73999999999999999, 0.63, 0.69999999999999996, 
0.57999999999999996, 0.59999999999999998, 0.57999999999999996, 
0.72999999999999998, 0.83999999999999997, 0.81000000000000005, 
0.82999999999999996, 0.93000000000000005, 0.89000000000000001, 
0.91000000000000003, 0.93999999999999995, 1.1899999999999999, 
1.2, NA), Aug = c(-0.10000000000000001, -0.040000000000000001, 
-0.080000000000000002, -0.14000000000000001, -0.27000000000000002, 
-0.31, -0.31, -0.35999999999999999, -0.14999999999999999, -0.20000000000000001, 
-0.39000000000000001, -0.17000000000000001, -0.27000000000000002, 
-0.25, -0.23999999999999999, -0.17000000000000001, -0.050000000000000003, 
-0.089999999999999997, -0.27000000000000002, -0.080000000000000002, 
-0.089999999999999997, -0.20000000000000001, -0.29999999999999999, 
-0.45000000000000001, -0.48999999999999999, -0.20000000000000001, 
-0.19, -0.34000000000000002, -0.46000000000000002, -0.34000000000000002, 
-0.37, -0.42999999999999999, -0.54000000000000004, -0.34000000000000002, 
-0.16, -0.22, -0.28000000000000003, -0.22, -0.32000000000000001, 
-0.33000000000000002, -0.26000000000000001, -0.26000000000000001, 
-0.33000000000000002, -0.34000000000000002, -0.35999999999999999, 
-0.20999999999999999, -0.13, -0.23999999999999999, -0.22, -0.32000000000000001, 
-0.14999999999999999, -0.040000000000000001, -0.20999999999999999, 
-0.23000000000000001, -0.12, -0.22, -0.13, 0.02, -0.050000000000000003, 
-0.059999999999999998, 0.070000000000000007, 0.14999999999999999, 
-0.040000000000000001, 0.01, 0.17999999999999999, 0.26000000000000001, 
-0.20000000000000001, -0.070000000000000007, -0.11, -0.12, -0.16, 
0.059999999999999998, 0.050000000000000003, 0.059999999999999998, 
-0.17000000000000001, 0.02, -0.25, 0.14999999999999999, -0.050000000000000003, 
-0.01, 0.02, 0.01, -0.01, 0.22, -0.22, -0.040000000000000001, 
-0.089999999999999997, 0.01, -0.089999999999999997, 0.040000000000000001, 
-0.10000000000000001, -0.01, 0.16, 0.050000000000000003, 0.10000000000000001, 
-0.17000000000000001, -0.12, 0.17999999999999999, -0.14000000000000001, 
0.16, 0.17999999999999999, 0.34999999999999998, 0.029999999999999999, 
0.35999999999999999, 0.19, 0.16, 0.16, 0.23999999999999999, 0.39000000000000001, 
0.33000000000000002, 0.34000000000000002, 0.39000000000000001, 
0.080000000000000002, 0.11, 0.20999999999999999, 0.45000000000000001, 
0.47999999999999998, 0.40999999999999998, 0.65000000000000002, 
0.31, 0.41999999999999998, 0.48999999999999999, 0.53000000000000003, 
0.64000000000000001, 0.45000000000000001, 0.59999999999999998, 
0.69999999999999996, 0.59999999999999998, 0.46000000000000002, 
0.68999999999999995, 0.67000000000000004, 0.75, 0.66000000000000003, 
0.69999999999999996, 0.82999999999999996, 0.79000000000000004, 
1.01, 0.87, 0.78000000000000003, 0.94999999999999996, 0.85999999999999999, 
0.81000000000000005, 0.93999999999999995, 1.1899999999999999, 
1.3, NA), Sep = c(-0.14999999999999999, -0.16, -0.14999999999999999, 
-0.22, -0.27000000000000002, -0.28000000000000003, -0.23999999999999999, 
-0.26000000000000001, -0.12, -0.23999999999999999, -0.35999999999999999, 
-0.14999999999999999, -0.17000000000000001, -0.22, -0.28000000000000003, 
-0.12, -0.070000000000000007, -0.080000000000000002, -0.22, -0.050000000000000003, 
-0.059999999999999998, -0.22, -0.28999999999999998, -0.5, -0.56000000000000005, 
-0.19, -0.28000000000000003, -0.34000000000000002, -0.35999999999999999, 
-0.39000000000000001, -0.39000000000000001, -0.40000000000000002, 
-0.57999999999999996, -0.34999999999999998, -0.17000000000000001, 
-0.20000000000000001, -0.35999999999999999, -0.23000000000000001, 
-0.17000000000000001, -0.25, -0.22, -0.19, -0.34999999999999998, 
-0.31, -0.32000000000000001, -0.20000000000000001, -0.14000000000000001, 
-0.12, -0.20999999999999999, -0.25, -0.14999999999999999, -0.059999999999999998, 
-0.10000000000000001, -0.28999999999999998, -0.14999999999999999, 
-0.20000000000000001, -0.089999999999999997, 0.089999999999999997, 
0.01, -0.070000000000000007, 0.14999999999999999, 0.02, -0.029999999999999999, 
0.050000000000000003, 0.28000000000000003, 0.20000000000000001, 
-0.080000000000000002, -0.12, -0.14000000000000001, -0.14000000000000001, 
-0.11, 0.050000000000000003, 0.070000000000000007, 0.040000000000000001, 
-0.10000000000000001, -0.11, -0.19, 0.089999999999999997, -0.029999999999999999, 
-0.059999999999999998, 0.070000000000000007, 0.080000000000000002, 
0, 0.17999999999999999, -0.28999999999999998, -0.14999999999999999, 
-0.029999999999999999, -0.059999999999999998, -0.19, 0.080000000000000002, 
0.12, -0.050000000000000003, 0.02, 0.089999999999999997, -0.080000000000000002, 
-0.02, -0.070000000000000007, 0.02, 0.059999999999999998, 0.25, 
0.20000000000000001, 0.14000000000000001, 0.14000000000000001, 
0.37, 0.20999999999999999, 0.13, 0.029999999999999999, 0.34999999999999998, 
0.37, 0.34000000000000002, 0.23000000000000001, 0.44, -0.01, 
0.11, 0.31, 0.33000000000000002, 0.25, 0.52000000000000002, 0.41999999999999998, 
0.38, 0.38, 0.51000000000000001, 0.63, 0.62, 0.48999999999999999, 
0.70999999999999996, 0.66000000000000003, 0.58999999999999997, 
0.60999999999999999, 0.70999999999999996, 0.63, 0.56000000000000005, 
0.71999999999999997, 0.77000000000000002, 0.87, 0.83999999999999997, 
0.90000000000000002, 0.75, 0.80000000000000004, 0.93000000000000005, 
0.95999999999999996, 0.92000000000000004, 0.88, 1.48, 1.23, NA
), Oct = c(-0.23000000000000001, -0.22, -0.23000000000000001, 
-0.11, -0.25, -0.23000000000000001, -0.27000000000000002, -0.34999999999999998, 
0.02, -0.25, -0.25, -0.20999999999999999, -0.14000000000000001, 
-0.17999999999999999, -0.23000000000000001, -0.11, 0.059999999999999998, 
-0.13, -0.34000000000000002, -0.040000000000000001, 0.089999999999999997, 
-0.28999999999999998, -0.29999999999999999, -0.46000000000000002, 
-0.39000000000000001, -0.25, -0.20000000000000001, -0.23000000000000001, 
-0.44, -0.40000000000000002, -0.40999999999999998, -0.26000000000000001, 
-0.57999999999999996, -0.32000000000000001, -0.029999999999999999, 
-0.23999999999999999, -0.33000000000000002, -0.44, -0.059999999999999998, 
-0.20000000000000001, -0.26000000000000001, -0.029999999999999999, 
-0.32000000000000001, -0.13, -0.34999999999999998, -0.17000000000000001, 
-0.11, 0, -0.19, -0.14000000000000001, -0.11, 0.059999999999999998, 
-0.089999999999999997, -0.23999999999999999, -0.059999999999999998, 
-0.050000000000000003, -0.02, 0.089999999999999997, 0.14999999999999999, 
-0.040000000000000001, 0.11, 0.34999999999999998, 0.02, 0.23000000000000001, 
0.26000000000000001, 0.19, -0.080000000000000002, 0.070000000000000007, 
-0.050000000000000003, -0.059999999999999998, -0.20000000000000001, 
0.080000000000000002, 0, 0.080000000000000002, -0.02, -0.050000000000000003, 
-0.23000000000000001, 0.01, 0.040000000000000001, -0.070000000000000007, 
0.059999999999999998, 0, 0.01, 0.14000000000000001, -0.31, -0.050000000000000003, 
-0.17000000000000001, 0.089999999999999997, 0.089999999999999997, 
0.089999999999999997, 0.029999999999999999, -0.040000000000000001, 
0.080000000000000002, 0.10000000000000001, -0.059999999999999998, 
-0.11, -0.23999999999999999, 0.029999999999999999, 0.029999999999999999, 
0.26000000000000001, 0.13, 0.12, 0.13, 0.17000000000000001, 0.13, 
0.11, 0.14999999999999999, 0.33000000000000002, 0.38, 0.28999999999999998, 
0.44, 0.28000000000000003, 0.070000000000000007, 0.23000000000000001, 
0.41999999999999998, 0.46000000000000002, 0.22, 0.60999999999999999, 
0.41999999999999998, 0.34000000000000002, 0.26000000000000001, 
0.5, 0.54000000000000004, 0.71999999999999997, 0.60999999999999999, 
0.76000000000000001, 0.68999999999999995, 0.57999999999999996, 
0.67000000000000004, 0.65000000000000002, 0.71999999999999997, 
0.65000000000000002, 0.80000000000000004, 0.68999999999999995, 
0.80000000000000004, 1.0700000000000001, 0.87, 0.89000000000000001, 
1.01, 0.98999999999999999, 0.87, 0.97999999999999998, 0.95999999999999996, 
1.3400000000000001, 1.3300000000000001, NA), Nov = c(-0.23000000000000001, 
-0.19, -0.17000000000000001, -0.23999999999999999, -0.33000000000000002, 
-0.23000000000000001, -0.28000000000000003, -0.26000000000000001, 
0.029999999999999999, -0.33000000000000002, -0.44, -0.31, -0.41999999999999998, 
-0.19, -0.26000000000000001, -0.17000000000000001, -0.040000000000000001, 
-0.17999999999999999, -0.38, 0.12, -0.070000000000000007, -0.17000000000000001, 
-0.35999999999999999, -0.41999999999999998, -0.17999999999999999, 
-0.070000000000000007, -0.37, -0.46000000000000002, -0.52000000000000002, 
-0.32000000000000001, -0.56999999999999995, -0.20999999999999999, 
-0.39000000000000001, -0.20000000000000001, -0.16, -0.13, -0.46000000000000002, 
-0.34000000000000002, -0.12, -0.41999999999999998, -0.27000000000000002, 
-0.14999999999999999, -0.14000000000000001, -0.02, -0.20000000000000001, 
0.050000000000000003, -0.059999999999999998, -0.050000000000000003, 
-0.10000000000000001, -0.12, 0.17999999999999999, -0.050000000000000003, 
-0.27000000000000002, -0.29999999999999999, 0.040000000000000001, 
-0.25, 0.02, 0.080000000000000002, 0.080000000000000002, 0.070000000000000007, 
0.16, 0.23000000000000001, 0.089999999999999997, 0.20000000000000001, 
0.11, 0.070000000000000007, -0.059999999999999998, 0.02, -0.12, 
-0.10000000000000001, -0.34000000000000002, -0.01, -0.13, -0.029999999999999999, 
0.080000000000000002, -0.25, -0.14999999999999999, 0.080000000000000002, 
0.02, -0.080000000000000002, -0.11, 0.029999999999999999, 0.059999999999999998, 
0.14999999999999999, -0.20999999999999999, -0.059999999999999998, 
-0.01, -0.050000000000000003, -0.050000000000000003, 0.12, 0.02, 
-0.070000000000000007, 0.02, 0.040000000000000001, -0.080000000000000002, 
-0.17000000000000001, -0.059999999999999998, 0.16, 0.13, 0.28000000000000003, 
0.28999999999999998, 0.22, 0.17999999999999999, 0.29999999999999999, 
0.059999999999999998, 0.050000000000000003, 0.10000000000000001, 
0.28999999999999998, 0.12, 0.20000000000000001, 0.46000000000000002, 
0.28999999999999998, 0.029999999999999999, 0.029999999999999999, 
0.44, 0.44, 0.40999999999999998, 0.64000000000000001, 0.42999999999999999, 
0.37, 0.29999999999999999, 0.71999999999999997, 0.57999999999999996, 
0.53000000000000003, 0.72999999999999998, 0.73999999999999999, 
0.73999999999999999, 0.58999999999999997, 0.68999999999999995, 
0.79000000000000004, 0.80000000000000004, 0.58999999999999997, 
0.78000000000000003, 0.82999999999999996, 0.67000000000000004, 
1.0600000000000001, 0.92000000000000004, 0.88, 0.82999999999999996, 
0.97999999999999998, 1.0900000000000001, 0.92000000000000004, 
0.72999999999999998, 1.4099999999999999, 1.29, NA), Dec = c(-0.17999999999999999, 
-0.070000000000000007, -0.35999999999999999, -0.11, -0.31, -0.10000000000000001, 
-0.25, -0.33000000000000002, -0.040000000000000001, -0.28999999999999998, 
-0.32000000000000001, -0.040000000000000001, -0.39000000000000001, 
-0.32000000000000001, -0.20999999999999999, -0.14000000000000001, 
-0.050000000000000003, -0.20999999999999999, -0.23000000000000001, 
-0.27000000000000002, -0.070000000000000007, -0.27000000000000002, 
-0.41999999999999998, -0.51000000000000001, -0.34000000000000002, 
-0.13, -0.14000000000000001, -0.46999999999999997, -0.48999999999999999, 
-0.56000000000000005, -0.67000000000000004, -0.20999999999999999, 
-0.42999999999999999, -0.029999999999999999, -0.050000000000000003, 
-0.20999999999999999, -0.81000000000000005, -0.68000000000000005, 
-0.29999999999999999, -0.41999999999999998, -0.46999999999999997, 
-0.17999999999999999, -0.20000000000000001, -0.029999999999999999, 
-0.42999999999999999, 0.070000000000000007, -0.28999999999999998, 
-0.33000000000000002, -0.16, -0.55000000000000004, -0.050000000000000003, 
-0.050000000000000003, -0.27000000000000002, -0.44, -0.02, -0.17000000000000001, 
-0.01, -0.070000000000000007, -0.12, 0.42999999999999999, 0.31, 
0.20999999999999999, 0.12, 0.23000000000000001, 0.040000000000000001, 
-0.070000000000000007, -0.31, -0.13, -0.23000000000000001, -0.17999999999999999, 
-0.20999999999999999, 0.16, -0.02, 0.050000000000000003, -0.17999999999999999, 
-0.28000000000000003, -0.059999999999999998, 0.14999999999999999, 
0.01, 0, 0.19, -0.16, -0.029999999999999999, -0.029999999999999999, 
-0.29999999999999999, -0.080000000000000002, -0.029999999999999999, 
-0.050000000000000003, -0.14999999999999999, 0.23999999999999999, 
-0.12, -0.080000000000000002, 0.17999999999999999, -0.070000000000000007, 
-0.080000000000000002, -0.17000000000000001, 0.11, 0.029999999999999999, 
0.070000000000000007, 0.46999999999999997, 0.20999999999999999, 
0.40999999999999998, 0.41999999999999998, 0.16, -0.050000000000000003, 
0.14000000000000001, 0.13, 0.46000000000000002, 0.28999999999999998, 
0.37, 0.40000000000000002, 0.31, 0.20999999999999999, 0.17999999999999999, 
0.38, 0.26000000000000001, 0.37, 0.58999999999999997, 0.54000000000000004, 
0.40999999999999998, 0.28000000000000003, 0.55000000000000004, 
0.44, 0.73999999999999999, 0.5, 0.67000000000000004, 0.79000000000000004, 
0.48999999999999999, 0.53000000000000003, 0.67000000000000004, 
0.45000000000000001, 0.59999999999999998, 0.52000000000000002, 
0.69999999999999996, 0.78000000000000003, 1.1699999999999999, 
0.85999999999999999, 0.93000000000000005, 0.92000000000000004, 
1.1100000000000001, 0.79000000000000004, 0.87, 0.80000000000000004, 
1.3600000000000001, 1.26, NA)), row.names = c(NA, 146L), class = "data.frame")
